Average cut size: 6131.56
cut sizes: 
7300
5914
5801
6339
5149
5040
6473
7520
5938
5451
5544
6590
5820
6233
6558
7586
5399
6323
5507
3919
6289
5861
6478
5223
5294
5781
6637
7296
5535
6542
6276
6971
6249
7009
5979
7958
5301
6127
6536
6311
4792
6197
5002
6663
6769
7207
7719
6314
6286
6860
5667
6778
5880
5493
6225
5105
6146
5240
5800
5917
6966
6294
5497
6057
5777
6102
6436
7007
5560
6645
4597
5921
7284
5521
7186
5374
5464
6663
7208
7612
5601
6595
5637
5759
6488
5651
5913
6024
5890
5859
6275
5082
5695
7417
4895
6110
5664
6270
6269
6774
